1,57.593143,9.96262,nan,216.2,11733097600.0
2,57.593142,9.962615,nan,216.2,0.11733097611.0
3,57.593142,9.962615,nan,216.2,0.11733097611.0
4,57.593142,9.962615,nan,216.2,0.11733097611.0
5,57.59314,9.962615,nan,216.2,0.11733097620.0
6,57.59314,9.962615,nan,216.2,0.11733097620.0
7,57.59314,9.962615,nan,216.2,0.11733097621.0
8,57.593138,9.962615,nan,216.2,0.11733097629.0
9,57.593138,9.962615,nan,216.2,0.11733097629.0
10,57.593138,9.962615,nan,216.2,0.11733097630.0
11,57.593145,9.96263,nan,216.2,0.11733097640.0
12,57.593145,9.96263,nan,216.2,0.11733097640.0
13,57.593145,9.96263,nan,216.2,0.11733097641.0
